运行时间测试：
cs
[(242, 412), (311, 563), (106, 297), (739, 820), (406, 784), (491, 61), (159, 228), (93, 533), (69, 550), (21, 369)]
glc_time:[0.7958729267120361, 0.8435153961181641, 0.7829427719116211, 0.7789762020111084, 0.7450406551361084, 0.7130639553070068, 0.758394718170166, 0.7978682518005371, 0.802884578704834]
lc_time:[0.004991054534912109, 0.002989530563354492, 0.003957033157348633, 0.00402069091796875, 0.0029909610748291016, 0.0029935836791992188, 0.00299072265625, 0.0029942989349365234, 0.00398707389831543]
ls_time:[0.03789854049682617, 0.03686857223510742, 0.03989434242248535, 0.043882131576538086, 0.04787158966064453, 0.03889656066894531, 0.04188823699951172, 0.0388951301574707, 0.04664349555969238]
chi
[(3868, 6580), (4970, 9002), (1691, 4742), (11817, 12537), (6490, 965), (7846, 3637), (2540, 8526), (1477, 8793), (1090, 5903), (325, 4534)]
glc_time:[214.9670021533966, 217.5250165462494, 206.69039058685303, 211.35820388793945, 205.540509223938, 212.36234784126282, 215.3880593776703, 215.8926808834076, 219.8410062789917]
lc_time:[2.076141834259033, 7.543949842453003, 4.243743896484375, 2.4508554935455322, 3.8710873126983643, 6.656358957290649, 6.777633190155029, 5.446904897689819, 1.9070806503295898]
ls_time:[9.798524379730225, 9.755353450775146, 9.29990291595459, 10.387996435165405, 9.71349024772644, 9.798879861831665, 10.151560544967651, 9.268339395523071, 9.324832677841187]