[3868, 12165, 2192, 9077, 11000, 11001, 8910, 11774, 11004, 11778, 2416, 10965, 11772, 12038, 10971, 12394, 12403, 12399, 2199, 2201, 2124, 12209, 12208, 2204, 2384, 12218, 7478, 10816, 10822, 12364, 10828, 12407, 12406, 10834, 12776]
length =  23.479999999999997
[4970, 11651, 1833, 10937, 2600, 7523, 10701, 2401, 12946, 12895, 12832, 10683, 12829, 10677, 10671, 12753, 10665, 12754, 10110, 10660, 12670, 10648, 7778, 10643, 8361, 9223, 10637, 2090, 8364, 2441, 4008, 10625, 8366, 7585, 6742, 7587, 7589, 7560, 4378, 7559, 7904, 7902, 7457, 7067, 7060, 7010, 7014, 7012, 7011, 7899, 2834, 2830, 6906, 6905, 2829]
length =  28.060000000000002
[1691, 6243, 6228, 6227, 6246, 2532, 2531, 11920, 5961, 5960, 5959, 5958, 11986, 5956, 5955, 5954, 11921, 5970, 11899, 5969, 5990, 5989, 5988, 5987, 5985, 2534, 5984, 5983, 1998, 5130, 1997, 10322, 10498, 2037, 1986, 5028, 10497, 1978, 10496, 2361, 1972, 2717, 2402, 11642, 5615, 5613, 5612, 2001, 5632, 7318, 2002, 5640, 5652, 11643, 5681, 5693, 5698, 5711, 5364, 2009, 6502, 5365, 5366, 5379, 5392, 5406, 5403, 11944, 10231, 10229, 6762, 12020, 1740]
length =  56.37999999999998
[11817, 5270, 5269, 5268, 11659, 5266, 2000, 5265, 5263, 5261, 5260, 1999, 5258, 11686, 11684, 5239, 5223, 4908, 4876, 4685, 11731, 4689, 11727, 4696, 11726, 4717, 4718, 6859, 11720, 4725, 4733, 6685, 6686, 4737, 4746, 4745, 7533, 11713, 4743, 7363, 7362, 4741, 7359, 11706, 4846, 4831, 4845, 2705, 2704, 11751, 3052, 4843, 2664, 4858, 9822, 4857, 4856, 4855, 4854, 3676, 11948, 4280, 4294, 4291, 4289]
length =  38.34999999999999
[6490, 12633, 4592, 4596, 11203, 7049, 12601, 12600, 12598, 4600, 12557, 11793, 12558, 11791, 12555, 11187, 12529, 12528, 11182, 8500, 12470, 12467, 2904, 12468, 3599, 2900, 11169, 11163, 12412, 11159, 9775, 3936, 6350, 11156, 6340, 11786, 6326, 11785, 3886, 4959, 11783, 8505, 11035, 3882, 11782, 12159, 12160, 12161, 11029, 11025, 2478, 12170, 12171, 12172, 2749, 2748, 12484, 12476, 12463, 12458, 12451, 11444, 12390, 12383, 7287, 1893, 3531, 1889, 3517, 11437, 3511, 3513]
length =  44.04999999999999
[7846, 7842, 7837, 7833, 7831, 7826, 7782, 7822, 7819, 7810, 2342, 7806, 7803, 7796, 10646, 7789, 10651, 12224, 7788, 10656, 10655, 10654, 12670, 10653, 421]
length =  13.26
[2540, 11925, 6080, 6078, 6077, 6059, 12378, 6058, 6057, 11904, 6040, 6039, 6038, 6009, 6007, 11900, 5983, 1998, 5130, 1997, 10322, 10498]
length =  13.57
[1477, 11485, 2976, 3001, 3027, 3026, 3028, 3029, 3012, 3039, 3038, 11490, 3072, 3073, 3242, 3255, 3270, 9606, 11494, 3332, 3333, 3334, 3346, 3345, 3366, 3367, 3598, 11609, 3638, 3648, 3673, 3690, 3691, 3692, 11614, 3709, 3711, 3712, 3713, 3825, 3826, 3827, 3828, 1992, 6407, 11597, 2026, 6413, 11599, 2015, 11601, 2044, 6439, 6440, 11603, 6449, 2121, 7612, 7615, 6451, 4229, 4228, 11605, 2194, 2172, 2163, 11607, 2248, 2254, 2278, 2292, 11978, 4267, 4266, 4265]
length =  61.50999999999999
[1090, 11246, 7178, 11250, 7177, 8379, 11254, 11257, 8384, 11260, 8387, 7281, 11263, 3578, 11267, 11270, 6494, 7250, 8066, 9739, 8054, 8055, 11284, 11289, 7750, 7749, 7746, 7747, 7745, 7742, 7738, 7737, 7736, 7257, 7732, 11304, 7724, 11311, 9035, 10753, 10499, 9037, 10500, 9039, 9072, 10502, 9074, 9108, 10505, 2436, 8451, 8452, 9146, 8792, 9145, 3948, 10513, 12070, 3955, 10520, 3965, 12076, 8465, 8847, 8467, 12134, 12230, 6619, 10325, 12293, 12295, 12343, 10328, 5074, 5076, 5077, 9629, 5371, 5410, 5442, 8985, 7818, 7817, 8782, 5713, 5854, 6090, 6248, 6543, 6656, 6671, 4066, 4088, 7487, 4393, 4453]
length =  40.25000000000002
[325, 10557, 5489, 5484, 5481, 8518, 5087, 5085, 8516, 5084, 5083, 8483, 10805, 8941, 12315, 10798, 12255, 7464, 10791, 3925, 12105, 10784, 12099, 10777, 10776, 9116, 3900, 9086, 6871, 9084, 6739, 10954, 8898, 8263, 4852, 9055, 10948, 4810, 10938, 9925, 9926, 3844, 9013, 9347, 8773, 7868, 11377, 7873, 7874, 9716, 9708, 11373, 7886, 7989, 7986, 7987, 7984, 7949, 7954, 7966, 7226, 11395, 11393, 8207, 11410, 9317, 9316, 3564, 3587, 9313, 3171, 3170]
length =  39.27999999999999
[6580, 6560, 6555, 6538, 6537, 5599, 5577, 5578, 11763, 9799, 5581, 5582, 5562, 7434, 5551, 5547, 5516, 5508, 5492, 5485, 5456, 5455, 5453, 5452, 5451, 9832, 4679, 11730, 4687, 4693, 7530, 4688, 4715, 6864, 4713, 6857, 4723, 7381, 7380, 6685, 6686, 6687, 4739, 7350, 11708, 4752, 4755, 7331, 4756, 11701, 7328, 4759, 12930, 4761, 4762, 2273, 12885, 11666, 2276, 12886, 12887, 11037, 2881, 12808, 2256, 12742, 11041, 12740, 10914, 12660, 10910, 12642, 2894, 10905, 7483, 10900, 10895, 10889, 10623, 6563, 6556, 7581, 9203, 7548, 7547, 7546, 10611, 7450, 10612, 7451, 8695, 10607, 2847, 2825, 7047, 2846, 2845, 7055, 4383, 7010, 7014, 10604, 12957, 8328, 7020, 10358, 7866, 4333, 4334, 2813, 6916, 2815, 2816, 2819, 12939, 9341, 2466, 4310, 4311, 10355, 2874, 2645, 2644, 2678, 2683, 2695, 2701]
length =  62.03999999999999
[9002, 2469, 7776, 11311, 9035, 10753, 10499, 9037, 10500, 9039, 9072, 10502, 9074, 9108, 10505, 2436, 8451, 8452, 9146, 8792, 9145, 3948, 10513, 12070, 3955, 10520, 3965, 12076, 8465, 8847, 8467, 12134, 12230, 6619, 10325, 12293, 12295, 12343, 10328, 5074, 5076, 5077]
length =  14.98
[4742, 4743, 11713, 7533, 4745, 4746]
length =  0.72
[12537, 12539, 12540, 8577, 3176, 4050, 3183, 12570, 3210, 12613, 7295, 12637, 3213, 4552, 2884, 2885, 4551, 12657, 12656, 12740, 11041, 12742, 11038, 12811, 11668, 12934, 12936, 11671, 12937, 10932, 1827, 10935, 2333, 4982, 4981, 7307, 11649, 4953, 11652, 4936, 4916, 4917, 5230, 5246, 2000, 11660, 5296, 5315, 5327, 11662, 5355, 5373, 5388, 2008, 6762, 10243, 10248, 10254, 10274, 10277, 10275, 10273]
length =  60.28999999999999
[965, 7077, 12738, 11039, 12803, 12804, 2258, 4559, 12808, 11038, 12813, 10926, 12817, 12819, 2251, 12825, 10928, 12829, 10684, 2307, 10685, 2323, 10686, 12846, 12857, 5129, 2574, 10442, 2395, 10448, 12900, 12964, 5101, 12965, 12966, 5098, 12967, 2629, 12968, 5113, 5114, 10462, 12973, 10468, 1872, 1874, 10474, 1876, 1879, 10481, 2403, 1951, 1949, 1950, 2754, 2741, 2365, 1957, 10321, 2738, 1997, 5130, 1998, 5983, 11900, 6007, 6009, 6038, 6039, 6040, 11904, 6057, 11906, 6075, 6076, 6114, 6118, 6119, 6125, 6136, 6137, 11992]
length =  49.44000000000001
[3637, 3634, 3635, 3659, 3660, 6521, 3661, 3672, 3673, 3690, 3691, 3692, 11614, 3709, 3711, 3712, 3713, 3825, 3826, 6409, 6410, 6412, 1995, 11598, 2007, 6421, 2042, 2043, 11541, 12650, 12651, 12659, 7123, 12692, 9759, 12706, 12708, 11545, 12723, 12827, 11546, 12820, 12828, 2499, 11216, 6378, 11220, 3450, 3435, 6383, 2516, 2509, 6397, 2519, 6403, 6404, 11802, 4617, 11788, 11790, 12555, 11791, 12558, 11793, 10003, 9993, 8503, 11200, 4575, 4010, 4570, 6753, 7300, 11124, 5069, 5070, 3747, 3832, 4496, 11131, 11132, 3885, 11127, 3208, 3206, 12615, 12616, 10890, 10884, 10891, 9205, 12640, 2151, 12639, 12717, 2165, 1960, 1961, 2167, 10042, 2168, 10044, 2175, 2035, 2036, 5052, 5058, 2177, 5065, 2729, 9639, 10480, 1878, 2631, 2632, 1944, 10486, 1948, 1950, 2754, 2741, 2365, 1957, 10321, 2738, 1997, 5130, 1998, 5983, 11900, 6007, 6009, 6038, 6039, 6040, 11904, 6057, 6058, 12378, 6059, 6077, 6078, 6080, 11925, 2540, 6094, 6095, 6101, 2688, 6102]
length =  93.61000000000003
[8526, 8529, 8523, 11240, 8520, 11242, 8517, 11246, 7178, 7175, 7179, 7176, 8365, 3232, 8821, 11321, 8367, 8368, 8369, 3229, 3228, 8346, 4479, 4480, 11323, 8742, 8331, 8832, 8314, 8313, 8312, 8309, 8837, 8307, 8306, 8304, 8303, 8291, 11359, 8288, 8734, 8256, 8255, 8254, 8253, 8229, 8221, 8220, 11391, 8216, 8213, 8212, 6487, 9316, 9317, 11410, 3565, 3477, 11436, 1421]
length =  31.239999999999995
[8793, 12030, 8455, 9146, 8452, 8451, 2436, 10505, 9108, 10504, 9105, 9104, 10503, 3946, 8315, 9100, 8203, 10766, 3890, 9064, 10765, 10761, 8880, 9063, 10755, 10751, 8881, 10750, 10925, 10918, 10942, 9019, 10941, 3887, 9018, 9017, 10944, 9349, 9348, 11768, 4700, 8903, 3847, 3846, 3413, 9927]
length =  19.700000000000003
[5903, 6196, 6197, 6333, 6336, 2427, 6341, 6722, 6724, 6892, 6893, 6894, 10597, 12185, 7004, 10603, 7005, 7055, 2845, 2846, 7047, 2825, 2847, 10607, 8695, 7451, 10612, 7450, 10611, 7546, 12591, 7527, 12588, 4518, 10882, 2127, 2877, 12584, 2160, 10887, 10886, 12627, 12625, 12624, 10891, 9205, 12640, 2449, 2152, 12636, 2310, 2312, 2314, 2316, 9970, 12737, 12734, 10084, 12883, 4622, 4867, 11749, 4858, 9822, 4857, 4856, 4838, 4836, 4825, 5509, 6655, 9400, 6654, 11949, 6653, 5522, 11960, 9395, 5521, 5520, 11959, 5529]
length =  55.259999999999984
[4534, 4473, 2779, 2760, 4437, 4435, 4427, 2764, 2765, 2766, 2767, 2768, 2769, 2678, 4283, 4151, 4138, 9340, 2459, 4345, 10352, 4305, 8756, 10347, 6386, 2426, 6377, 6374, 8828, 8819, 4408, 8798, 6206, 8796, 5930, 5921, 10573, 5896, 5884, 10566, 4430, 5794, 5528, 5518, 8642, 8641, 8640, 5158, 5119, 5105, 10545, 8483, 10805, 8941, 12315, 12314, 10804, 9623, 8890, 12252, 8260, 12251, 12250, 12249, 10794, 12244, 12241, 10982, 7558, 12238, 7522, 10975, 10970, 7109, 7107, 12085, 10923, 12035, 12034, 3872, 8290, 8430, 11006]
length =  31.709999999999994